Nr	TID	PID	x [pixel]	y [pixel]	t [sec]	I [val]	Len [pixel]	D2S [pixel]	D2R [pixel]	D2P [pixel]	v [pixel/sec]	? [deg]	?? [deg]
	1	1	200.120225544631	251.497505580276	0	255	0	0	NA	NA	NA	NA	NA
2	1	2	198.255329199307	252.017817767084	0	255	0.31	0.31	NA	0.31	NA	136.585	NA
3	1	3	198.564787670948	252.828906156123	0	251	0.589	0.589	NA	0.279	NA	133.375	-3.21
4	1	4	200.405220380329	253.229779130891	0	246	0.91	0.908	NA	0.321	NA	127.226	-6.149
5	1	5	201.266857536227	252.715681227565	0	241	1.166	1.163	NA	0.256	NA	126.165	-1.061
6	1	6	199.055392152168	251.847138738163	0	255	1.415	1.411	NA	0.249	NA	129.456	3.291
7	1	7	200.874059251711	253.461022205926	0	242	1.741	1.737	NA	0.327	NA	136.452	6.996
8	1	8	199.706711610258	255.827618182667	0	253	1.983	1.977	NA	0.241	NA	128.144	-8.308
9	1	9	197.46854290428	255.357398081101	0	249	2.261	2.253	NA	0.279	NA	122.285	-5.858
10	1	10	198.427522749543	253.076285506405	0	253	2.547	2.533	NA	0.286	NA	117.459	-4.826
11	1	11	196.517549366817	253.693266829677	0	255	2.737	2.723	NA	0.19	NA	127.218	9.759
12	1	12	197.782956170149	253.993939744838	0	252	3.021	3.002	NA	0.283	NA	118.979	-8.239
13	1	13	196.696512994379	254.816633870192	0	252	3.265	3.241	NA	0.245	NA	114.437	-4.542
14	1	14	196.419439361461	255.455356427371	0	252	3.514	3.486	NA	0.249	NA	115.533	1.096
15	1	15	198.916083660349	257.148373617359	0	253	3.767	3.73	NA	0.252	NA	111.597	-3.936
16	1	16	198.962847187236	257.322991355523	0	255	3.989	3.951	NA	0.222	NA	118.539	6.942
17	1	17	197.182552817471	255.964737008519	0	255	4.227	4.173	NA	0.238	NA	102.808	-15.731
18	1	18	199.560619560063	257.196240303405	0	255	4.48	4.419	NA	0.253	NA	109.345	6.537
19	1	19	197.114965076946	255.697256726667	0	249	4.732	4.668	NA	0.252	NA	112.993	3.648
20	1	20	199.354749278151	258.358814518124	0	239	4.931	4.856	NA	0.199	NA	102.463	-10.53
21	1	21	198.417031354621	256.418641169429	0	254	5.165	5.075	NA	0.233	NA	100.564	-1.9
22	1	22	198.173926644593	259.018776822992	0	255	5.435	5.313	NA	0.271	NA	91.342	-9.221
23	1	23	196.159886232965	258.598153781779	0	250	5.651	5.516	NA	0.215	NA	98.957	7.614
24	1	24	197.519867032878	258.88091174157	0	221	5.83	5.676	NA	0.179	NA	91.116	-7.84
25	1	25	199.401438740514	257.07343554309	0	254	6.048	5.878	NA	0.218	NA	94.95	3.834
26	1	26	195.615649412915	258.374696386196	0	252	6.298	6.114	NA	0.251	NA	96.696	1.745
27	1	27	197.673471494466	258.73908637733	0	255	6.598	6.368	NA	0.3	NA	82.724	-13.971
28	1	28	196.582842564166	258.374879980594	0	245	6.769	6.511	NA	0.171	NA	80.695	-2.03
29	1	29	197.731955396518	258.925246503532	0	255	6.961	6.684	NA	0.192	NA	87.509	6.814
30	1	30	198.768282069795	257.296124482237	0	249	7.177	6.873	NA	0.216	NA	83.151	-4.357
31	1	31	199.325427822605	258.990715779461	0	255	7.445	7.089	NA	0.268	NA	74.975	-8.176
32	1	32	196.127675236054	257.890310181119	0	255	7.676	7.292	NA	0.231	NA	81.746	6.771
33	1	33	197.978303304136	257.882118984252	0	252	7.893	7.484	NA	0.217	NA	81.44	-0.306
34	1	34	196.893065332897	259.252555329576	0	255	8.141	7.659	NA	0.248	NA	63.227	-18.213
35	1	35	198.316939416945	260.810190493725	0	255	8.373	7.848	NA	0.232	NA	71.638	8.411
36	1	36	198.008889734402	260.134611343831	0	255	8.605	8.028	NA	0.233	NA	66.817	-4.821
37	1	37	197.112147683427	258.873768321529	0	255	8.856	8.209	NA	0.251	NA	60.888	-5.929
38	1	38	196.814325141691	260.692644266747	0	253	9.101	8.406	NA	0.244	NA	67.894	7.006
39	1	39	196.451165771998	259.480379631847	0	255	9.341	8.604	NA	0.241	NA	67.938	0.044
40	1	40	198.30572138083	259.594979760103	0	233	9.605	8.773	NA	0.264	NA	51.504	-16.433
41	1	41	198.128836880229	263.015173502095	0	255	9.908	9.042	NA	0.303	NA	73.349	21.845
42	1	42	200.19124986013	262.71198919104	0	255	10.108	9.18	NA	0.2	NA	53.12	-20.229
43	1	43	198.524038931824	263.101087690778	0	255	10.415	9.401	NA	0.307	NA	54.737	1.617
44	1	44	199.91859620408	261.927692692548	0	233	10.657	9.579	NA	0.242	NA	54.52	-0.217
45	1	45	200.227040765606	261.217262108341	0	255	10.952	9.767	NA	0.294	NA	45.966	-8.553
46	1	46	198.228201203473	263.628461202733	0	255	11.246	9.985	NA	0.295	NA	52.798	6.831
47	1	47	198.32449911885	262.716277953066	0	254	11.49	10.17	NA	0.244	NA	53.386	0.588
48	1	48	200.320737346925	262.301630628936	0	251	11.792	10.388	NA	0.302	NA	49.069	-4.317
49	1	49	198.18894538486	262.274363729358	0	248	12.074	10.594	NA	0.283	NA	48.808	-0.262
50	1	51	201.877003363483	263.318005629547	0	250	12.378	10.804	NA	0.304	NA	44.538	-4.27
51	2	1	281.131231725484	265.018685380995	0	255	0	0	NA	NA	NA	NA	NA
52	2	2	281.742623635732	263.589419127792	0	255	0.348	0.348	NA	0.348	NA	-41.128	NA
53	2	3	280.07452905032	264.095677505717	0	251	0.632	0.628	NA	0.284	NA	-53.411	-12.283
54	2	4	281.162171715103	262.358638385303	0	247	0.928	0.925	NA	0.297	NA	-45.89	7.521
55	2	5	283.7117700743	263.76272633674	0	255	1.183	1.179	NA	0.254	NA	-45.833	0.057
56	2	6	282.882116901457	261.069877987489	0	255	1.462	1.457	NA	0.279	NA	-52.162	-6.329
57	2	7	281.716865014955	263.777633920193	0	253	1.754	1.748	NA	0.292	NA	-51.355	0.807
58	2	8	283.815902220488	263.456615760267	0	255	2.016	2.007	NA	0.263	NA	-58.354	-6.998
59	2	9	282.886678881757	261.561820253745	0	255	2.287	2.277	NA	0.27	NA	-54.516	3.838
60	2	10	284.583656545006	259.508587032259	0	255	2.549	2.538	NA	0.262	NA	-54.662	-0.146
61	2	11	282.113339609452	262.639981269278	0	255	2.797	2.781	NA	0.248	NA	-62.553	-7.892
62	2	12	283.543326160796	261.117696025565	0	254	3.065	3.043	NA	0.268	NA	-64.802	-2.249
63	2	13	283.705957654119	261.824325589523	0	253	3.305	3.276	NA	0.241	NA	-66.795	-1.993
64	2	14	284.772949108206	259.787613870226	0	255	3.515	3.483	NA	0.209	NA	-62.572	4.223
65	2	15	284.243828936487	259.04038382002	0	255	3.787	3.752	NA	0.272	NA	-63.631	-1.059
66	2	16	282.18468244987	258.877685329109	0	242	4.017	3.979	NA	0.23	NA	-64.513	-0.882
67	2	17	283.995042870454	259.603136523254	0	244	4.254	4.209	NA	0.237	NA	-70.509	-5.996
68	2	18	283.457899064429	261.245222184502	0	255	4.484	4.426	NA	0.229	NA	-75.629	-5.121
69	2	19	283.998094938576	258.762549310125	0	255	4.75	4.689	NA	0.267	NA	-67.663	7.966
70	2	20	283.288615383811	258.989905917495	0	250	4.998	4.912	NA	0.248	NA	-84.418	-16.755
71	2	21	283.782223966971	257.980651059233	0	254	5.208	5.104	NA	0.209	NA	-83.101	1.317
72	2	22	284.652311015204	258.371473616764	0	255	5.427	5.319	NA	0.22	NA	-72.066	11.034
73	2	23	282.604302638806	256.911910160407	0	253	5.656	5.526	NA	0.229	NA	-86.195	-14.128
74	2	24	284.068891900487	257.298826486111	0	249	5.903	5.755	NA	0.247	NA	-83.928	2.267
75	2	25	285.126545622721	259.492927923016	0	244	6.109	5.928	NA	0.206	NA	-96.028	-12.1
76	2	26	285.277105660282	258.703680706471	0	253	6.353	6.147	NA	0.244	NA	-90.532	5.496
77	2	27	284.982202815168	255.64643350523	0	249	6.574	6.354	NA	0.221	NA	-85.684	4.848
78	2	28	285.555672371037	258.350894768022	0	255	6.798	6.546	NA	0.225	NA	-97.338	-11.654
79	2	29	282.486450179346	258.914000218101	0	232	7.023	6.738	NA	0.225	NA	-98.151	-0.814
80	2	30	283.916966536097	256.2423922415	0	255	7.243	6.926	NA	0.22	NA	-99.218	-1.067
81	2	31	285.042267330162	257.553022319771	0	255	7.475	7.135	NA	0.232	NA	-94.311	4.907
82	2	32	282.60086715553	256.971902364865	0	255	7.719	7.327	NA	0.244	NA	-108.128	-13.817
83	2	33	285.718738810658	256.639671159156	0	240	7.942	7.514	NA	0.223	NA	-103.385	4.743
84	2	34	285.414982783034	257.410964153744	0	255	8.152	7.68	NA	0.211	NA	-110.096	-6.711
85	2	35	282.076135887645	255.411078486964	0	252	8.403	7.879	NA	0.251	NA	-110.677	-0.581
86	2	36	282.426160498023	253.528145190932	0	249	8.656	8.061	NA	0.252	NA	-117.636	-6.959
87	2	37	284.548787864871	254.700165415809	0	242	8.868	8.234	NA	0.212	NA	-111.115	6.521
88	2	38	284.82163734974	255.062621945873	0	255	9.113	8.449	NA	0.245	NA	-104.161	6.954
89	2	39	282.514859818347	252.932927957006	0	255	9.379	8.646	NA	0.266	NA	-119.233	-15.072
90	2	40	284.684201832913	254.332841612615	0	255	9.617	8.837	NA	0.238	NA	-114.895	4.339
91	2	41	284.918427637503	254.243737963811	0	251	9.859	9.018	NA	0.242	NA	-120.56	-5.666
92	2	42	282.434597294696	254.101064793512	0	254	10.159	9.221	NA	0.3	NA	-127.62	-7.06
93	2	43	281.001620266609	254.859253033213	0	255	10.407	9.405	NA	0.248	NA	-123.444	4.176
94	2	44	282.946471871316	253.153816425674	0	252	10.695	9.611	NA	0.288	NA	-127.017	-3.572
95	2	45	282.12010445483	254.367446345605	0	239	10.978	9.831	NA	0.283	NA	-122.728	4.289
96	2	46	281.976885533482	252.427029759824	0	255	11.206	9.978	NA	0.229	NA	-134.384	-11.656
97	2	47	284.126534783497	252.376861123905	0	255	11.513	10.199	NA	0.307	NA	-129.972	4.412
98	2	48	282.755291565441	254.325494852856	0	255	11.815	10.394	NA	0.302	NA	-136.831	-6.86
99	2	49	283.566609156847	252.009031229943	0	243	12.114	10.618	NA	0.298	NA	-129.738	7.094
100	2	51	279.847544807889	250.569123463087	0	237	12.396	10.814	NA	0.282	NA	-135.345	-5.608
101	3	1	184.736638206713	429.181688495368	0	255	0	0	NA	NA	NA	NA	NA
102	3	2	184.871785134532	431.998654129639	0	255	0.166	0.166	NA	0.166	NA	-4.621	NA
103	3	3	185.234565714233	428.622579959549	0	255	0.431	0.431	NA	0.265	NA	0.603	5.225
104	3	4	184.172552752756	431.766066361666	0	255	0.65	0.648	NA	0.219	NA	5.766	5.162
105	3	5	185.06508985962	431.544576045699	0	249	0.891	0.888	NA	0.241	NA	9.237	3.472
106	3	6	186.329199429907	430.638827199973	0	255	1.081	1.078	NA	0.19	NA	6.188	-3.049
107	3	7	185.702562094919	429.569655052513	0	255	1.341	1.332	NA	0.26	NA	-9.057	-15.245
108	3	8	185.74743219927	431.3610634638	0	255	1.553	1.544	NA	0.212	NA	3.154	12.21
109	3	9	186.915896307744	430.387928647399	0	255	1.791	1.782	NA	0.238	NA	2.277	-0.877
110	3	10	188.077616791181	429.977302422181	0	248	2.004	1.994	NA	0.212	NA	6.3	4.023
111	3	11	189.041222645931	429.266105629049	0	255	2.207	2.198	NA	0.204	NA	1.232	-5.068
112	3	12	186.978013397545	429.831037831321	0	242	2.439	2.43	NA	0.232	NA	5.24	4.008
113	3	13	187.354092653148	430.432287446648	0	255	2.684	2.673	NA	0.245	NA	-3.384	-8.624
114	3	14	190.336788736306	431.347984213054	0	247	2.944	2.932	NA	0.26	NA	7.337	10.721
115	3	15	189.87698067268	432.133909376845	0	245	3.1	3.086	NA	0.155	NA	10.504	3.168
116	3	16	188.783573513173	431.34572820399	0	255	3.349	3.334	NA	0.249	NA	-3.525	-14.029
117	3	17	189.0426667374	431.429085339092	0	252	3.581	3.565	NA	0.232	NA	-3.298	0.227
118	3	18	190.714957766645	430.890617457233	0	240	3.834	3.817	NA	0.253	NA	7.164	10.462
119	3	19	187.781220685318	428.617611223184	0	255	4.049	4.031	NA	0.215	NA	-3.455	-10.619
120	3	20	188.1198397002	431.497066477507	0	255	4.25	4.228	NA	0.2	NA	13.288	16.743
121	3	21	190.12080734057	428.463464486048	0	255	4.49	4.466	NA	0.24	NA	-5.844	-19.132
122	3	22	188.625322437942	431.259665282585	0	255	4.753	4.728	NA	0.263	NA	6.699	12.543
123	3	23	188.8258228826	429.587714797735	0	250	4.969	4.943	NA	0.216	NA	-2.668	-9.367
124	3	24	190.999041657343	431.822102031209	0	255	5.15	5.124	NA	0.181	NA	2.696	5.364
125	3	25	188.906349645481	430.077004219882	0	255	5.388	5.362	NA	0.238	NA	3.899	1.203
126	3	26	192.689815917604	431.05727553501	0	255	5.67	5.639	NA	0.282	NA	-9.127	-13.026
127	3	27	192.917271098323	429.127047798194	0	254	5.874	5.841	NA	0.205	NA	11.058	20.185
128	3	28	192.68971581649	428.623654073641	0	255	6.076	6.042	NA	0.202	NA	4.883	-6.175
129	3	29	191.770347182296	430.934391589612	0	255	6.26	6.226	NA	0.184	NA	4.741	-0.143
130	3	30	193.38837620189	428.738917136461	0	254	6.552	6.517	NA	0.291	NA	4.333	-0.407
131	3	31	190.671911816828	430.460455887854	0	252	6.801	6.766	NA	0.249	NA	4	-0.333
132	3	32	194.261412622049	430.435659790739	0	255	6.98	6.941	NA	0.179	NA	-9.854	-13.855
133	3	33	191.669178472675	429.967235686533	0	255	7.189	7.151	NA	0.209	NA	1.505	11.36
134	3	34	194.217286918968	429.00146554888	0	244	7.418	7.379	NA	0.229	NA	4.638	3.133
135	3	35	195.11320384302	429.412837153964	0	250	7.685	7.645	NA	0.267	NA	-2.054	-6.692
136	3	36	192.49869745706	432.303890837044	0	240	7.905	7.865	NA	0.221	NA	5.975	8.029
137	3	37	194.97952537822	431.574229250126	0	252	8.109	8.069	NA	0.204	NA	-2.615	-8.59
138	3	38	193.036258175932	430.558233331352	0	253	8.338	8.298	NA	0.229	NA	-0.002	2.612
139	3	39	192.151705544345	431.604249366909	0	255	8.578	8.537	NA	0.24	NA	5.395	5.397
140	3	40	195.34763486959	430.495899831742	0	247	8.84	8.799	NA	0.262	NA	4.476	-0.919
141	3	41	193.863004054919	430.646667075537	0	238	9.027	8.986	NA	0.187	NA	-0.866	-5.342
142	3	42	193.196768914208	430.242519232921	0	255	9.228	9.186	NA	0.201	NA	6.007	6.873
143	3	43	193.867062023923	430.519807808749	0	238	9.489	9.447	NA	0.26	NA	3.658	-2.349
144	3	44	196.716257816806	430.845852665968	0	244	9.731	9.687	NA	0.242	NA	-4.977	-8.636
145	3	45	197.285833387651	430.990767349541	0	255	9.964	9.919	NA	0.233	NA	8.913	13.89
146	3	46	195.164429931499	432.326638273299	0	255	10.139	10.093	NA	0.175	NA	6.634	-2.279
147	3	47	195.756912469298	429.749204689689	0	247	10.391	10.343	NA	0.252	NA	-4.791	-11.425
148	3	48	197.37632659398	431.369724057563	0	253	10.618	10.57	NA	0.227	NA	3.239	8.03
149	3	49	196.256443938218	429.854341232322	0	251	10.883	10.833	NA	0.265	NA	-3.948	-7.186
150	3	50	194.776206292212	431.829601087384	0	255	11.059	11.01	NA	0.176	NA	0.718	4.665
