Nr	TID	PID	x [pixel]	y [pixel]	t [sec]	I [val]	Len [pixel]	D2S [pixel]	D2R [pixel]	D2P [pixel]	v [pixel/sec]	? [deg]	?? [deg]
1	1	1	200.282328443214	251.869079685971	0	255	0	0	NA	NA	NA	NA	NA
2	1	2	200.885495792314	253.798562283374	0	255	0.31	0.31	NA	0.31	NA	136.585	NA
3	1	3	198.033838938899	250.901341704652	0	251	0.589	0.589	NA	0.279	NA	133.375	-3.21
4	1	4	197.709234545283	254.566617654748	0	246	0.91	0.908	NA	0.321	NA	127.226	-6.149
5	1	5	197.989097404011	253.999702318281	0	241	1.166	1.163	NA	0.256	NA	126.165	-1.061
6	1	6	199.678052997686	254.847765434436	0	255	1.415	1.411	NA	0.249	NA	129.456	3.291
7	1	7	200.940229317375	252.5040610305	0	242	1.741	1.737	NA	0.327	NA	136.452	6.996
8	1	8	198.359775442109	253.385718759179	0	253	1.983	1.977	NA	0.241	NA	128.144	-8.308
9	1	9	197.30149532637	254.218176553488	0	249	2.261	2.253	NA	0.279	NA	122.285	-5.858
10	1	10	199.279208323821	256.051997857906	0	253	2.547	2.533	NA	0.286	NA	117.459	-4.826
11	1	11	199.515777007803	253.447626283593	0	255	2.737	2.723	NA	0.19	NA	127.218	9.759
12	1	12	197.583779923849	253.232587658398	0	252	3.021	3.002	NA	0.283	NA	118.979	-8.239
13	1	13	199.820728733227	256.99294562947	0	252	3.265	3.241	NA	0.245	NA	114.437	-4.542
14	1	14	198.730699640729	255.378100227468	0	252	3.514	3.486	NA	0.249	NA	115.533	1.096
15	1	15	198.122187319584	253.559827359892	0	253	3.767	3.73	NA	0.252	NA	111.597	-3.936
16	1	16	197.054682413168	256.849807996504	0	255	3.989	3.951	NA	0.222	NA	118.539	6.942
17	1	17	199.250333543129	256.003713302508	0	255	4.227	4.173	NA	0.238	NA	102.808	-15.731
18	1	18	198.326993234448	255.681793885604	0	255	4.48	4.419	NA	0.253	NA	109.345	6.537
19	1	19	197.902428198062	256.183560294554	0	249	4.732	4.668	NA	0.252	NA	112.993	3.648
20	1	20	196.808356068082	255.194266111746	0	239	4.931	4.856	NA	0.199	NA	102.463	-10.53
21	1	21	199.004134364776	256.221073442943	0	254	5.165	5.075	NA	0.233	NA	100.564	-1.9
22	1	22	198.197630579218	256.882868753903	0	255	5.435	5.313	NA	0.271	NA	91.342	-9.221
23	1	23	198.918440441988	257.914150980934	0	250	5.651	5.516	NA	0.215	NA	98.957	7.614
24	1	24	196.553474252224	255.789821341798	0	221	5.83	5.676	NA	0.179	NA	91.116	-7.84
25	1	25	195.647965064704	255.837374410577	0	254	6.048	5.878	NA	0.218	NA	94.95	3.834
26	1	26	195.517849334113	256.62858790081	0	252	6.298	6.114	NA	0.251	NA	96.696	1.745
27	1	27	197.43826309301	257.612139316171	0	255	6.598	6.368	NA	0.3	NA	82.724	-13.971
28	1	28	195.754899205595	258.334991795145	0	245	6.769	6.511	NA	0.171	NA	80.695	-2.03
29	1	29	198.815896561876	259.704274463795	0	255	6.961	6.684	NA	0.192	NA	87.509	6.814
30	1	30	196.865850786649	258.420097527735	0	249	7.177	6.873	NA	0.216	NA	83.151	-4.357
31	1	31	197.620689729996	260.600667947069	0	255	7.445	7.089	NA	0.268	NA	74.975	-8.176
32	1	32	198.337237380296	260.732947267406	0	255	7.676	7.292	NA	0.231	NA	81.746	6.771
33	1	33	198.941384999275	258.76228718286	0	252	7.893	7.484	NA	0.217	NA	81.44	-0.306
34	1	34	197.255105466112	260.499924316294	0	255	8.141	7.659	NA	0.248	NA	63.227	-18.213
35	1	35	196.15368466419	260.834997843504	0	255	8.373	7.848	NA	0.232	NA	71.638	8.411
36	1	36	196.16005925893	259.180806553788	0	255	8.605	8.028	NA	0.233	NA	66.817	-4.821
37	1	37	199.076809426919	258.442719014652	0	255	8.856	8.209	NA	0.251	NA	60.888	-5.929
38	1	38	196.474660415173	260.982082884163	0	253	9.101	8.406	NA	0.244	NA	67.894	7.006
39	1	39	196.558683469847	261.126543217443	0	255	9.341	8.604	NA	0.241	NA	67.938	0.044
40	1	40	197.815221353516	262.353686155617	0	233	9.605	8.773	NA	0.264	NA	51.504	-16.433
41	1	41	198.219737189613	261.924821602009	0	255	9.908	9.042	NA	0.303	NA	73.349	21.845
42	1	42	200.62462716797	259.681461350672	0	255	10.108	9.18	NA	0.2	NA	53.12	-20.229
43	1	43	198.896589422137	262.444620144069	0	255	10.415	9.401	NA	0.307	NA	54.737	1.617
44	1	44	198.842229603499	263.12169581075	0	233	10.657	9.579	NA	0.242	NA	54.52	-0.217
45	1	45	198.803198337354	262.743658122137	0	255	10.952	9.767	NA	0.294	NA	45.966	-8.553
46	1	46	199.416630453855	260.443854374938	0	255	11.246	9.985	NA	0.295	NA	52.798	6.831
47	1	47	199.048824082837	262.320095728911	0	254	11.49	10.17	NA	0.244	NA	53.386	0.588
48	1	48	201.672498335049	264.416544275999	0	251	11.792	10.388	NA	0.302	NA	49.069	-4.317
49	1	49	200.939455499105	264.107942472398	0	248	12.074	10.594	NA	0.283	NA	48.808	-0.262
50	1	51	199.88819874838	262.349679482833	0	250	12.378	10.804	NA	0.304	NA	44.538	-4.27
51	2	1	280.561551383033	264.601320133612	0	255	0	0	NA	NA	NA	NA	NA
52	2	2	281.003470259883	261.336547234446	0	255	0.348	0.348	NA	0.348	NA	-41.128	NA
53	2	3	282.446849907219	263.418727150656	0	251	0.632	0.628	NA	0.284	NA	-53.411	-12.283
54	2	4	281.039545950644	261.944228174157	0	247	0.928	0.925	NA	0.297	NA	-45.89	7.521
55	2	5	283.296582490996	262.652920820773	0	255	1.183	1.179	NA	0.254	NA	-45.833	0.057
56	2	6	282.622545661174	263.871730175562	0	255	1.462	1.457	NA	0.279	NA	-52.162	-6.329
57	2	7	282.205422095694	261.502071254767	0	253	1.754	1.748	NA	0.292	NA	-51.355	0.807
58	2	8	283.039971621178	260.107629034944	0	255	2.016	2.007	NA	0.263	NA	-58.354	-6.998
59	2	9	283.056496511027	261.017689196408	0	255	2.287	2.277	NA	0.27	NA	-54.516	3.838
60	2	10	282.357804246455	259.658301688433	0	255	2.549	2.538	NA	0.262	NA	-54.662	-0.146
61	2	11	283.308894881032	259.24079410769	0	255	2.797	2.781	NA	0.248	NA	-62.553	-7.892
62	2	12	284.2220916887	260.049689900287	0	254	3.065	3.043	NA	0.268	NA	-64.802	-2.249
63	2	13	281.819434129819	259.254456677534	0	253	3.305	3.276	NA	0.241	NA	-66.795	-1.993
64	2	14	284.661899674967	260.54716050683	0	255	3.515	3.483	NA	0.209	NA	-62.572	4.223
65	2	15	283.603735923775	261.454979230247	0	255	3.787	3.752	NA	0.272	NA	-63.631	-1.059
66	2	16	284.755613172039	259.961428801693	0	242	4.017	3.979	NA	0.23	NA	-64.513	-0.882
67	2	17	284.724521045275	259.678417348862	0	244	4.254	4.209	NA	0.237	NA	-70.509	-5.996
68	2	18	283.662002307035	260.082368146323	0	255	4.484	4.426	NA	0.229	NA	-75.629	-5.121
69	2	19	283.966101849332	257.481691690296	0	255	4.75	4.689	NA	0.267	NA	-67.663	7.966
70	2	20	286.088214489304	259.611602791063	0	250	4.998	4.912	NA	0.248	NA	-84.418	-16.755
71	2	21	282.530485321835	257.135099686727	0	254	5.208	5.104	NA	0.209	NA	-83.101	1.317
72	2	22	285.653544361964	258.321990310058	0	255	5.427	5.319	NA	0.22	NA	-72.066	11.034
73	2	23	286.035778828561	257.217275493741	0	253	5.656	5.526	NA	0.229	NA	-86.195	-14.128
74	2	24	282.927013773367	258.646086463012	0	249	5.903	5.755	NA	0.247	NA	-83.928	2.267
75	2	25	282.252800347991	257.696314731762	0	244	6.109	5.928	NA	0.206	NA	-96.028	-12.1
76	2	26	283.922800551273	257.208868528977	0	253	6.353	6.147	NA	0.244	NA	-90.532	5.496
77	2	27	285.210592100672	256.920099181123	0	249	6.574	6.354	NA	0.221	NA	-85.684	4.848
78	2	28	284.671822281763	255.355347060829	0	255	6.798	6.546	NA	0.225	NA	-97.338	-11.654
79	2	29	285.331226327322	258.280134164095	0	232	7.023	6.738	NA	0.225	NA	-98.151	-0.814
80	2	30	285.32006514819	258.678260111727	0	255	7.243	6.926	NA	0.22	NA	-99.218	-1.067
81	2	31	285.949612124063	255.268494039163	0	255	7.475	7.135	NA	0.232	NA	-94.311	4.907
82	2	32	285.741727611572	257.963158858009	0	255	7.719	7.327	NA	0.244	NA	-108.128	-13.817
83	2	33	282.340979143545	255.295502458878	0	240	7.942	7.514	NA	0.223	NA	-103.385	4.743
84	2	34	282.191913584605	255.54468967583	0	255	8.152	7.68	NA	0.211	NA	-110.096	-6.711
85	2	35	283.171871930242	257.363803642243	0	252	8.403	7.879	NA	0.251	NA	-110.677	-0.581
86	2	36	285.178256278358	257.071863630459	0	249	8.656	8.061	NA	0.252	NA	-117.636	-6.959
87	2	37	282.375156917624	254.657654602706	0	242	8.868	8.234	NA	0.212	NA	-111.115	6.521
88	2	38	282.809975375026	255.360864329509	0	255	9.113	8.449	NA	0.245	NA	-104.161	6.954
89	2	39	284.054388377309	254.807022267222	0	255	9.379	8.646	NA	0.266	NA	-119.233	-15.072
90	2	40	284.671244931459	255.605602208741	0	255	9.617	8.837	NA	0.238	NA	-114.895	4.339
91	2	41	281.454230326883	256.224464519732	0	251	9.859	9.018	NA	0.242	NA	-120.56	-5.666
92	2	42	281.292214140214	253.505142112009	0	254	10.159	9.221	NA	0.3	NA	-127.62	-7.06
93	2	43	281.602073406823	254.184699161127	0	255	10.407	9.405	NA	0.248	NA	-123.444	4.176
94	2	44	282.983429868214	254.829059885316	0	252	10.695	9.611	NA	0.288	NA	-127.017	-3.572
95	2	45	281.013742754608	253.310655199319	0	239	10.978	9.831	NA	0.283	NA	-122.728	4.289
96	2	46	282.103980123587	253.344623770766	0	255	11.206	9.978	NA	0.229	NA	-134.384	-11.656
97	2	47	282.264038779989	253.758365781583	0	255	11.513	10.199	NA	0.307	NA	-129.972	4.412
98	2	48	280.657963837616	254.47975796555	0	255	11.815	10.394	NA	0.302	NA	-136.831	-6.86
99	2	49	282.961354894161	250.966149632178	0	243	12.114	10.618	NA	0.298	NA	-129.738	7.094
100	2	51	281.254995291069	253.649568942688	0	237	12.396	10.814	NA	0.282	NA	-135.345	-5.608
101	3	1	185.26514874278	430.679617076568	0	255	0	0	NA	NA	NA	NA	NA
102	3	2	186.880644686043	429.306153911822	0	255	0.166	0.166	NA	0.166	NA	-4.621	NA
103	3	3	185.377202257372	428.853397392996	0	255	0.431	0.431	NA	0.265	NA	0.603	5.225
104	3	4	184.681799550056	430.665336840302	0	255	0.65	0.648	NA	0.219	NA	5.766	5.162
105	3	5	185.585789491974	429.489298406631	0	249	0.891	0.888	NA	0.241	NA	9.237	3.472
106	3	6	185.865309824541	430.566550298519	0	255	1.081	1.078	NA	0.19	NA	6.188	-3.049
107	3	7	187.584817703135	429.88103541372	0	255	1.341	1.332	NA	0.26	NA	-9.057	-15.245
108	3	8	188.558880574964	428.663977298141	0	255	1.553	1.544	NA	0.212	NA	3.154	12.21
109	3	9	186.513659733415	428.563052773885	0	255	1.791	1.782	NA	0.238	NA	2.277	-0.877
110	3	10	186.113208954163	431.376354773894	0	248	2.004	1.994	NA	0.212	NA	6.3	4.023
111	3	11	187.911862251379	431.097531470016	0	255	2.207	2.198	NA	0.204	NA	1.232	-5.068
112	3	12	187.188525205828	429.16145404318	0	242	2.439	2.43	NA	0.232	NA	5.24	4.008
113	3	13	189.569628907606	431.820344412193	0	255	2.684	2.673	NA	0.245	NA	-3.384	-8.624
114	3	14	189.560551571682	429.079174712904	0	247	2.944	2.932	NA	0.26	NA	7.337	10.721
115	3	15	186.706369529568	429.976756019093	0	245	3.1	3.086	NA	0.155	NA	10.504	3.168
116	3	16	190.545351125553	430.99625167843	0	255	3.349	3.334	NA	0.249	NA	-3.525	-14.029
117	3	17	188.324034547843	429.873489613317	0	252	3.581	3.565	NA	0.232	NA	-3.298	0.227
118	3	18	190.062149180509	428.492783489652	0	240	3.834	3.817	NA	0.253	NA	7.164	10.462
119	3	19	188.362413463742	428.737162325814	0	255	4.049	4.031	NA	0.215	NA	-3.455	-10.619
120	3	20	188.031805726029	430.858988267563	0	255	4.25	4.228	NA	0.2	NA	13.288	16.743
121	3	21	188.843613260627	432.41577046328	0	255	4.49	4.466	NA	0.24	NA	-5.844	-19.132
122	3	22	191.069628459498	429.577950623028	0	255	4.753	4.728	NA	0.263	NA	6.699	12.543
123	3	23	191.197209521443	428.635252808139	0	250	4.969	4.943	NA	0.216	NA	-2.668	-9.367
124	3	24	190.330072312996	428.846443948805	0	255	5.15	5.124	NA	0.181	NA	2.696	5.364
125	3	25	190.949260859303	429.498764859058	0	255	5.388	5.362	NA	0.238	NA	3.899	1.203
126	3	26	191.6456559278	428.532620889537	0	255	5.67	5.639	NA	0.282	NA	-9.127	-13.026
127	3	27	190.799143839829	432.385880388848	0	254	5.874	5.841	NA	0.205	NA	11.058	20.185
128	3	28	192.886489319466	429.612084542006	0	255	6.076	6.042	NA	0.202	NA	4.883	-6.175
129	3	29	190.064164287999	432.13167331811	0	255	6.26	6.226	NA	0.184	NA	4.741	-0.143
130	3	30	191.936046158351	432.227970119461	0	254	6.552	6.517	NA	0.291	NA	4.333	-0.407
131	3	31	192.277557489246	430.637426811174	0	252	6.801	6.766	NA	0.249	NA	4	-0.333
132	3	32	190.467673375845	432.476195116855	0	255	6.98	6.941	NA	0.179	NA	-9.854	-13.855
133	3	33	191.613012618229	430.784323624611	0	255	7.189	7.151	NA	0.209	NA	1.505	11.36
134	3	34	194.338459790409	430.440378616683	0	244	7.418	7.379	NA	0.229	NA	4.638	3.133
135	3	35	193.519322954014	430.846628037944	0	250	7.685	7.645	NA	0.267	NA	-2.054	-6.692
136	3	36	191.675623987958	430.172757801287	0	240	7.905	7.865	NA	0.221	NA	5.975	8.029
137	3	37	194.907224567853	431.610327112883	0	252	8.109	8.069	NA	0.204	NA	-2.615	-8.59
138	3	38	195.5956403175	430.541542645939	0	253	8.338	8.298	NA	0.229	NA	-0.002	2.612
139	3	39	192.535933544762	430.103843919352	0	255	8.578	8.537	NA	0.24	NA	5.395	5.397
140	3	40	194.865022080913	431.564442790911	0	247	8.84	8.799	NA	0.262	NA	4.476	-0.919
141	3	41	193.214275328487	429.771823626205	0	238	9.027	8.986	NA	0.187	NA	-0.866	-5.342
142	3	42	195.769774428427	430.418247033387	0	255	9.228	9.186	NA	0.201	NA	6.007	6.873
143	3	43	195.210443829268	429.391668419071	0	238	9.489	9.447	NA	0.26	NA	3.658	-2.349
144	3	44	194.8579459951	431.719924696155	0	244	9.731	9.687	NA	0.242	NA	-4.977	-8.636
145	3	45	194.014519075878	431.293979749136	0	255	9.964	9.919	NA	0.233	NA	8.913	13.89
146	3	46	195.244096029147	429.149218651801	0	255	10.139	10.093	NA	0.175	NA	6.634	-2.279
147	3	47	195.494748932675	430.38161363551	0	247	10.391	10.343	NA	0.252	NA	-4.791	-11.425
148	3	48	194.231952721663	432.541042515025	0	253	10.618	10.57	NA	0.227	NA	3.239	8.03
149	3	49	197.304595975183	431.095706041075	0	251	10.883	10.833	NA	0.265	NA	-3.948	-7.186
150	3	50	198.489662299864	430.362352223843	0	255	11.059	11.01	NA	0.176	NA	0.718	4.665
