Nr	TID	PID	x [pixel]	y [pixel]	t [sec]	I [val]	Len [pixel]	D2S [pixel]	D2R [pixel]	D2P [pixel]	v [pixel/sec]	? [deg]	?? [deg]
1	1	1	200.143119778097	254.111918270789	0	255	0	0	NA	NA	NA	NA	NA
2	1	2	201.222153187901	252.726952212609	0	255	0.31	0.31	NA	0.31	NA	136.585	NA
3	1	3	201.281128001377	251.543581250124	0	251	0.589	0.589	NA	0.279	NA	133.375	-3.21
4	1	4	198.775802087314	252.571304606386	0	246	0.91	0.908	NA	0.321	NA	127.226	-6.149
5	1	5	198.369413230285	254.611527737871	0	241	1.166	1.163	NA	0.256	NA	126.165	-1.061
6	1	6	199.245218717963	253.018674539305	0	255	1.415	1.411	NA	0.249	NA	129.456	3.291
7	1	7	200.839969292484	252.777029942065	0	242	1.741	1.737	NA	0.327	NA	136.452	6.996
8	1	8	200.529700838439	253.084973131336	0	253	1.983	1.977	NA	0.241	NA	128.144	-8.308
9	1	9	197.501329959057	255.235826832704	0	249	2.261	2.253	NA	0.279	NA	122.285	-5.858
10	1	10	196.677739514872	254.920496531568	0	253	2.547	2.533	NA	0.286	NA	117.459	-4.826
11	1	11	198.272184432611	254.871007481791	0	255	2.737	2.723	NA	0.19	NA	127.218	9.759
12	1	12	197.01849505049	254.624140830308	0	252	3.021	3.002	NA	0.283	NA	118.979	-8.239
13	1	13	196.852613512449	254.362369758375	0	252	3.265	3.241	NA	0.245	NA	114.437	-4.542
14	1	14	197.61436453744	254.328573769793	0	252	3.514	3.486	NA	0.249	NA	115.533	1.096
15	1	15	198.378766472824	256.130819117218	0	253	3.767	3.73	NA	0.252	NA	111.597	-3.936
16	1	16	198.996891867422	254.897063424081	0	255	3.989	3.951	NA	0.222	NA	118.539	6.942
17	1	17	199.098348914839	254.07433826682	0	255	4.227	4.173	NA	0.238	NA	102.808	-15.731
18	1	18	195.920867072411	257.294761683159	0	255	4.48	4.419	NA	0.253	NA	109.345	6.537
19	1	19	197.041807966694	255.781947354309	0	249	4.732	4.668	NA	0.252	NA	112.993	3.648
20	1	20	199.3154603578	257.126310896285	0	239	4.931	4.856	NA	0.199	NA	102.463	-10.53
21	1	21	198.133751238115	255.437309319958	0	254	5.165	5.075	NA	0.233	NA	100.564	-1.9
22	1	22	198.838046842821	257.768433708854	0	255	5.435	5.313	NA	0.271	NA	91.342	-9.221
23	1	23	198.403269654527	258.531852585897	0	250	5.651	5.516	NA	0.215	NA	98.957	7.614
24	1	24	196.564976062737	259.332560302854	0	221	5.83	5.676	NA	0.179	NA	91.116	-7.84
25	1	25	198.993879897952	257.982738235019	0	254	6.048	5.878	NA	0.218	NA	94.95	3.834
26	1	26	196.711496750422	259.157032265477	0	252	6.298	6.114	NA	0.251	NA	96.696	1.745
27	1	27	197.757020505965	258.888640273258	0	255	6.598	6.368	NA	0.3	NA	82.724	-13.971
28	1	28	199.346981050402	258.066271872394	0	245	6.769	6.511	NA	0.171	NA	80.695	-2.03
29	1	29	196.242487387307	257.55667797602	0	255	6.961	6.684	NA	0.192	NA	87.509	6.814
30	1	30	198.253295042522	257.806435147941	0	249	7.177	6.873	NA	0.216	NA	83.151	-4.357
31	1	31	197.547827015467	260.829514871448	0	255	7.445	7.089	NA	0.268	NA	74.975	-8.176
32	1	32	198.903486833759	260.777317032963	0	255	7.676	7.292	NA	0.231	NA	81.746	6.771
33	1	33	199.629323149294	257.717206167184	0	252	7.893	7.484	NA	0.217	NA	81.44	-0.306
34	1	34	198.611381679304	261.172239024416	0	255	8.141	7.659	NA	0.248	NA	63.227	-18.213
35	1	35	199.241055196755	261.770385263041	0	255	8.373	7.848	NA	0.232	NA	71.638	8.411
36	1	36	198.055191754021	259.159952526778	0	255	8.605	8.028	NA	0.233	NA	66.817	-4.821
37	1	37	196.854291601256	259.517661207646	0	255	8.856	8.209	NA	0.251	NA	60.888	-5.929
38	1	38	200.045141364418	261.73128387738	0	253	9.101	8.406	NA	0.244	NA	67.894	7.006
39	1	39	199.873037602708	262.678361112356	0	255	9.341	8.604	NA	0.241	NA	67.938	0.044
40	1	40	199.785705609329	262.087032347783	0	233	9.605	8.773	NA	0.264	NA	51.504	-16.433
41	1	41	198.802494491242	259.542168483898	0	255	9.908	9.042	NA	0.303	NA	73.349	21.845
42	1	42	198.847025803901	262.168102240801	0	255	10.108	9.18	NA	0.2	NA	53.12	-20.229
43	1	43	197.244349546269	262.194962026067	0	255	10.415	9.401	NA	0.307	NA	54.737	1.617
44	1	44	199.632606514439	262.64258834143	0	233	10.657	9.579	NA	0.242	NA	54.52	-0.217
45	1	45	197.336489558019	262.248740107283	0	255	10.952	9.767	NA	0.294	NA	45.966	-8.553
46	1	46	199.022252882324	261.435038310602	0	255	11.246	9.985	NA	0.295	NA	52.798	6.831
47	1	47	200.240776283443	260.961054690942	0	254	11.49	10.17	NA	0.244	NA	53.386	0.588
48	1	48	198.746332505636	263.543193200313	0	251	11.792	10.388	NA	0.302	NA	49.069	-4.317
49	1	49	201.135429196224	262.259575792775	0	248	12.074	10.594	NA	0.283	NA	48.808	-0.262
50	1	51	200.321091219001	264.61460664469	0	250	12.378	10.804	NA	0.304	NA	44.538	-4.27
51	2	1	283.598082931049	263.812899017774	0	255	0	0	NA	NA	NA	NA	NA
52	2	2	282.42407204134	261.558238440543	0	255	0.348	0.348	NA	0.348	NA	-41.128	NA
53	2	3	282.647362064973	261.084484274037	0	251	0.632	0.628	NA	0.284	NA	-53.411	-12.283
54	2	4	283.283814245999	261.144672798917	0	247	0.928	0.925	NA	0.297	NA	-45.89	7.521
55	2	5	280.847828175731	261.306142977461	0	255	1.183	1.179	NA	0.254	NA	-45.833	0.057
56	2	6	280.92455034028	263.285690782353	0	255	1.462	1.457	NA	0.279	NA	-52.162	-6.329
57	2	7	284.405756873749	260.445683122493	0	253	1.754	1.748	NA	0.292	NA	-51.355	0.807
58	2	8	282.508634884313	261.578629252777	0	255	2.016	2.007	NA	0.263	NA	-58.354	-6.998
59	2	9	284.731466239132	261.769575458035	0	255	2.287	2.277	NA	0.27	NA	-54.516	3.838
60	2	10	283.240967774041	260.164006436877	0	255	2.549	2.538	NA	0.262	NA	-54.662	-0.146
61	2	11	282.08431593141	259.732208576426	0	255	2.797	2.781	NA	0.248	NA	-62.553	-7.892
62	2	12	283.137506022044	259.109346993424	0	254	3.065	3.043	NA	0.268	NA	-64.802	-2.249
63	2	13	285.50102711115	262.531203783177	0	253	3.305	3.276	NA	0.241	NA	-66.795	-1.993
64	2	14	285.284555148616	260.47446701175	0	255	3.515	3.483	NA	0.209	NA	-62.572	4.223
65	2	15	285.246449788108	260.362699148774	0	255	3.787	3.752	NA	0.272	NA	-63.631	-1.059
66	2	16	284.535164148159	261.497450579122	0	242	4.017	3.979	NA	0.23	NA	-64.513	-0.882
67	2	17	285.321490289345	261.01366125755	0	244	4.254	4.209	NA	0.237	NA	-70.509	-5.996
68	2	18	282.55258773607	261.33408382225	0	255	4.484	4.426	NA	0.229	NA	-75.629	-5.121
69	2	19	284.297727022201	258.539851724304	0	255	4.75	4.689	NA	0.267	NA	-67.663	7.966
70	2	20	282.647776016638	257.079312532619	0	250	4.998	4.912	NA	0.248	NA	-84.418	-16.755
71	2	21	284.54073904182	258.499390925325	0	254	5.208	5.104	NA	0.209	NA	-83.101	1.317
72	2	22	283.410729848109	259.299581561081	0	255	5.427	5.319	NA	0.22	NA	-72.066	11.034
73	2	23	282.450751163661	259.052148248963	0	253	5.656	5.526	NA	0.229	NA	-86.195	-14.128
74	2	24	282.597756423883	257.463453353621	0	249	5.903	5.755	NA	0.247	NA	-83.928	2.267
75	2	25	283.762297316231	257.834900763035	0	244	6.109	5.928	NA	0.206	NA	-96.028	-12.1
76	2	26	284.027662588388	257.604976178408	0	253	6.353	6.147	NA	0.244	NA	-90.532	5.496
77	2	27	282.506520643175	257.975103947334	0	249	6.574	6.354	NA	0.221	NA	-85.684	4.848
78	2	28	284.958289421372	258.613288736202	0	255	6.798	6.546	NA	0.225	NA	-97.338	-11.654
79	2	29	282.932587287255	256.696919569112	0	232	7.023	6.738	NA	0.225	NA	-98.151	-0.814
80	2	30	284.416923282683	256.578189884789	0	255	7.243	6.926	NA	0.22	NA	-99.218	-1.067
81	2	31	282.467165114529	257.794531836495	0	255	7.475	7.135	NA	0.232	NA	-94.311	4.907
82	2	32	283.782424510978	257.035701669753	0	255	7.719	7.327	NA	0.244	NA	-108.128	-13.817
83	2	33	282.749231590457	257.465921929285	0	240	7.942	7.514	NA	0.223	NA	-103.385	4.743
84	2	34	285.210157672301	256.872693125196	0	255	8.152	7.68	NA	0.211	NA	-110.096	-6.711
85	2	35	282.57623701717	257.325548444316	0	252	8.403	7.879	NA	0.251	NA	-110.677	-0.581
86	2	36	283.287164867356	256.953754190028	0	249	8.656	8.061	NA	0.252	NA	-117.636	-6.959
87	2	37	283.036445169725	254.472091183692	0	242	8.868	8.234	NA	0.212	NA	-111.115	6.521
88	2	38	285.103226406105	256.243511774004	0	255	9.113	8.449	NA	0.245	NA	-104.161	6.954
89	2	39	283.702446524478	253.139746073835	0	255	9.379	8.646	NA	0.266	NA	-119.233	-15.072
90	2	40	281.968993357435	254.758788645484	0	255	9.617	8.837	NA	0.238	NA	-114.895	4.339
91	2	41	282.617409806423	254.605985640399	0	251	9.859	9.018	NA	0.242	NA	-120.56	-5.666
92	2	42	282.596729274757	252.801485402256	0	254	10.159	9.221	NA	0.3	NA	-127.62	-7.06
93	2	43	284.777605154574	252.818668463416	0	255	10.407	9.405	NA	0.248	NA	-123.444	4.176
94	2	44	282.744686998866	255.233348261066	0	252	10.695	9.611	NA	0.288	NA	-127.017	-3.572
95	2	45	283.070682621934	253.274965438388	0	239	10.978	9.831	NA	0.283	NA	-122.728	4.289
96	2	46	282.830399169177	251.924595086105	0	255	11.206	9.978	NA	0.229	NA	-134.384	-11.656
97	2	47	280.280454639561	253.902950661793	0	255	11.513	10.199	NA	0.307	NA	-129.972	4.412
98	2	48	281.31006998767	252.138219228953	0	255	11.815	10.394	NA	0.302	NA	-136.831	-6.86
99	2	49	279.945023616374	254.487439110234	0	243	12.114	10.618	NA	0.298	NA	-129.738	7.094
100	2	51	280.710061078839	253.839196241774	0	237	12.396	10.814	NA	0.282	NA	-135.345	-5.608
101	3	1	186.262193357296	429.953629161619	0	255	0	0	NA	NA	NA	NA	NA
102	3	2	184.260429426551	431.72206305778	0	255	0.166	0.166	NA	0.166	NA	-4.621	NA
103	3	3	185.621183311425	428.341639777973	0	255	0.431	0.431	NA	0.265	NA	0.603	5.225
104	3	4	186.955000929981	429.64109536957	0	255	0.65	0.648	NA	0.219	NA	5.766	5.162
105	3	5	187.559573008299	432.239094616488	0	249	0.891	0.888	NA	0.241	NA	9.237	3.472
106	3	6	187.211535725117	431.482868500911	0	255	1.081	1.078	NA	0.19	NA	6.188	-3.049
107	3	7	188.230787818573	430.852151824288	0	255	1.341	1.332	NA	0.26	NA	-9.057	-15.245
108	3	8	186.057747283913	429.438648895547	0	255	1.553	1.544	NA	0.212	NA	3.154	12.21
109	3	9	187.007816765524	431.311898737624	0	255	1.791	1.782	NA	0.238	NA	2.277	-0.877
110	3	10	185.519497058295	432.096818199746	0	248	2.004	1.994	NA	0.212	NA	6.3	4.023
111	3	11	188.61190180856	431.350659515254	0	255	2.207	2.198	NA	0.204	NA	1.232	-5.068
112	3	12	189.023891396239	432.132017712869	0	242	2.439	2.43	NA	0.232	NA	5.24	4.008
113	3	13	187.976316890918	430.112479581922	0	255	2.684	2.673	NA	0.245	NA	-3.384	-8.624
114	3	14	188.580254993424	432.03443856784	0	247	2.944	2.932	NA	0.26	NA	7.337	10.721
115	3	15	187.795759650037	430.675135014154	0	245	3.1	3.086	NA	0.155	NA	10.504	3.168
116	3	16	186.958233164877	430.066208262332	0	255	3.349	3.334	NA	0.249	NA	-3.525	-14.029
117	3	17	190.869348468669	431.178775925793	0	252	3.581	3.565	NA	0.232	NA	-3.298	0.227
118	3	18	190.660260416046	430.940386733986	0	240	3.834	3.817	NA	0.253	NA	7.164	10.462
119	3	19	191.135869804397	429.026987754092	0	255	4.049	4.031	NA	0.215	NA	-3.455	-10.619
120	3	20	189.171137517579	428.752632606037	0	255	4.25	4.228	NA	0.2	NA	13.288	16.743
121	3	21	190.415353970803	430.777818112269	0	255	4.49	4.466	NA	0.24	NA	-5.844	-19.132
122	3	22	189.829507421799	432.310029835582	0	255	4.753	4.728	NA	0.263	NA	6.699	12.543
123	3	23	191.619904056437	429.220208589837	0	250	4.969	4.943	NA	0.216	NA	-2.668	-9.367
124	3	24	191.55639798791	429.483219427526	0	255	5.15	5.124	NA	0.181	NA	2.696	5.364
125	3	25	189.360484705791	429.707018756785	0	255	5.388	5.362	NA	0.238	NA	3.899	1.203
126	3	26	191.47590137887	431.147280962609	0	255	5.67	5.639	NA	0.282	NA	-9.127	-13.026
127	3	27	192.906831797414	429.593079272255	0	254	5.874	5.841	NA	0.205	NA	11.058	20.185
128	3	28	190.97771733053	432.021822307795	0	255	6.076	6.042	NA	0.202	NA	4.883	-6.175
129	3	29	193.334483098827	431.311972618811	0	255	6.26	6.226	NA	0.184	NA	4.741	-0.143
130	3	30	191.450948671825	430.291796753079	0	254	6.552	6.517	NA	0.291	NA	4.333	-0.407
131	3	31	192.863327813119	431.776231839225	0	252	6.801	6.766	NA	0.249	NA	4	-0.333
132	3	32	192.404836441964	429.110937311642	0	255	6.98	6.941	NA	0.179	NA	-9.854	-13.855
133	3	33	193.494985158399	429.033573050328	0	255	7.189	7.151	NA	0.209	NA	1.505	11.36
134	3	34	193.363433798499	431.891686687365	0	244	7.418	7.379	NA	0.229	NA	4.638	3.133
135	3	35	194.266830129445	430.356445258215	0	250	7.685	7.645	NA	0.267	NA	-2.054	-6.692
136	3	36	191.864788047194	432.189888649307	0	240	7.905	7.865	NA	0.221	NA	5.975	8.029
137	3	37	194.972292119883	432.228498438768	0	252	8.109	8.069	NA	0.204	NA	-2.615	-8.59
138	3	38	195.781834254935	429.993524650507	0	253	8.338	8.298	NA	0.229	NA	-0.002	2.612
139	3	39	194.857910424374	431.013222472161	0	255	8.578	8.537	NA	0.24	NA	5.395	5.397
140	3	40	195.542556469291	429.998938372225	0	247	8.84	8.799	NA	0.262	NA	4.476	-0.919
141	3	41	192.537172568075	428.943258580014	0	238	9.027	8.986	NA	0.187	NA	-0.866	-5.342
142	3	42	195.98389514149	431.06188808243	0	255	9.228	9.186	NA	0.201	NA	6.007	6.873
143	3	43	193.938652776264	431.91789965862	0	238	9.489	9.447	NA	0.26	NA	3.658	-2.349
144	3	44	195.749783563122	429.442903654084	0	244	9.731	9.687	NA	0.242	NA	-4.977	-8.636
145	3	45	196.693185413271	429.966385298461	0	255	9.964	9.919	NA	0.233	NA	8.913	13.89
146	3	46	196.545096897118	430.186654764563	0	255	10.139	10.093	NA	0.175	NA	6.634	-2.279
147	3	47	197.109440883987	431.231731659785	0	247	10.391	10.343	NA	0.252	NA	-4.791	-11.425
148	3	48	195.157822017968	430.356528509356	0	253	10.618	10.57	NA	0.227	NA	3.239	8.03
149	3	49	198.187937092014	430.761161138408	0	251	10.883	10.833	NA	0.265	NA	-3.948	-7.186
150	3	50	195.940140608698	429.537477180138	0	255	11.059	11.01	NA	0.176	NA	0.718	4.665
